#using mass in kgs, distance in au, speed au/d, time d, 
Sol
1.989e30
1.773e-3, 6.155e-3, -1.195e-4
-5.887e-6, 4.987e-6, 1.428e-7
0
0
#mercury
Mercury
3.302e23
-3.894047987585573e-01, -1.332519941030263e-01, 2.437568298707685e-02
3.612905245490849e-03, -2.528088736917957e-02, -2.398028352182838e-03
0
0.015
#venus
Venus
48.685e23
1.718643757957986e-01, -7.010910988030463e-01, -1.963639955809325e-02
1.952279438855018e-02, 4.664838194681399e-03, -1.062868183934683e-03
0
0.01
#earth
Earth
5.97219e24
-2.586676831066763e-01, 9.543469645410976e-01, -1.595083095917812e-04
-1.687252071741174e-02, -4.609551576881071e-03, -2.312777737362271e-07
0
0.01
#mooooooooooooooooooooooooooooooooooooooooooooooon
Moon
734.9e20
-2.609839935900971e-01, 9.552325417011741e-01, -6.678643078136081e-05
-1.712558231216495e-02, -5.162950847916687e-03, 5.202922905264250e-05
3
0.0003
#mars
Mars
6.4185e23
-1.561247415082667e+00, -4.444941825666331e-01, 2.879651294893580e-02
4.393524011502208e-03, -1.224557942891750e-02, -3.645344587227123e-04
0
0.01
#jupiter
Jupiter
1898.13e24
-4.236440177153345e+00, -3.388942705723363e+00, 1.088146165237461e-01
4.625986351687299e-03, -5.533913700980636e-03, -8.046778631012602e-05
0
0.005
#saturn
Saturn
5.68319e26
7.425618349086739e-02, -1.005693782377750e+01, 1.719044570979470e-01
5.272283975035461e-03, 2.250822921377343e-05, -2.098824507947276e-04
0
0.0055
#uranus
Uranus
86.8103e24
1.771418131194579e+01, 9.079591118224464e+00, -1.957679932365505e-01
-1.822819771628070e-03, 3.316779109985255e-03, 3.602687472478375e-05
0
0.001
#neptune
Neptune
102.41e24
2.868602214988941e+01, -8.576528397769506e+00, -4.844806692918100e-01
8.787640897841664e-04, 3.026538390028072e-03, -8.263641568955765e-05
0
0.001
#fake planet
Pluto
1.307e22
1.079346305152143e+01, -3.168464129002572e+01, 2.683462850501783e-01
3.042968136501769e-03, 3.513902619078907e-04, -9.298677470265689e-04
0
0.001
#halley
Halley
2.2e14
-2.043107635020403e+01, 2.612452766630479e+01, -9.926292178325781e+00
1.130824385118003e-04, 7.156012161797126e-04, -8.761101594784321e-05
0
0.001
